
4539578763621486
2765804319726418
4485275742308327
5105105105105100
4716482940182737
650000000000000
4556737586899855
37828224631000
453957876362148
5555555555554444
9348210756493815
5200828282828210
6011000000000004
5312345678901234
5105105105105101
6500000000000002
555555555555444
4539578763621487
52A0828282828210
340000000000009
4A85275742308327
371449635398431
340000000000008
6011111111111117
5424180279791732
6011000000000005
4024007198456720
8234567890123456
378282246310005
4539-5787-6362-1486
12345
453957876362148612345